Timestamp	SGP30_tVOC_ppb	SGP30_CO2eq_ppm	SGP30_H2_raw	SGP30_Ethanol_raw	SGP30_H2	SGP30_Ethanol	SGP40_SRAW_VOC	SGP41_SRAW_VOC	SGP41_SRAW_NOX	sgp40_voc_index	sgp41_voc_index	Temperature_C	Humidity_%	FS3000_Velocity_m/s
10/12/24 - 09:38:54	0	400	55188	30422	1,03E-36	2,92E-11	65530	28082	17742	0	0	12,5216	53,2723	0
10/12/24 - 09:38:55	0	400	55188	30422	1,03E-36	2,92E-11	24619	28272	18171	0	0	12,5349	53,1899	0
10/12/24 - 09:38:56	0	400	55188	30422	1,03E-36	2,92E-11	25879	28447	17968	0	0	12,591	53,228	0
10/12/24 - 09:38:58	0	400	55188	30422	1,03E-36	2,92E-11	26546	28572	17827	0	0	12,5776	53,1411	0
10/12/24 - 09:38:59	0	400	55188	30422	1,03E-36	2,92E-11	26995	28721	17705	0	0	12,6764	53,0907	0
10/12/24 - 09:39:00	0	400	55188	30422	1,03E-36	2,92E-11	27302	28836	17603	0	0	12,7031	53,1365	0
10/12/24 - 09:39:01	0	400	55188	30422	1,03E-36	2,92E-11	27567	28954	17512	0	0	12,6764	52,9763	0
10/12/24 - 09:39:02	0	401	55188	30422	1,03E-36	2,92E-11	27847	29063	17456	0	0	12,6043	52,9244	0
10/12/24 - 09:39:03	0	400	55188	30422	1,03E-36	2,92E-11	27918	29156	17371	0	0	12,7218	52,9061	0
10/12/24 - 09:39:04	0	400	55188	30422	1,03E-36	2,92E-11	28243	29250	17307	0	0	12,7779	52,871	0
10/12/24 - 09:39:05	0	402	55188	30422	1,03E-36	2,92E-11	28290	29327	17251	0	0	12,7352	52,7184	0
10/12/24 - 09:39:07	0	400	55188	30422	1,03E-36	2,92E-11	28547	29418	17197	0	0	12,818	52,7199	0
10/12/24 - 09:39:08	0	402	55188	30422	1,03E-36	2,92E-11	28595	29499	17155	0	0	12,818	52,6238	0
10/12/24 - 09:39:09	0	400	55188	30422	1,03E-36	2,92E-11	28810	29582	17113	0	0	12,7913	52,6101	0
10/12/24 - 09:39:10	0	403	55188	30422	1,03E-36	2,92E-11	28851	29653	17068	0	0	12,9168	52,5414	0
10/12/24 - 09:39:11	0	400	55188	30422	1,03E-36	2,92E-11	28926	29740	17045	0	0	12,9168	52,4575	0
10/12/24 - 09:39:12	0	400	55188	30422	1,03E-36	2,92E-11	29011	29792	17006	0	0	12,9168	52,4254	0
10/12/24 - 09:39:13	0	412	55188	30422	1,03E-36	2,92E-11	29259	29863	16966	0	0	12,9728	52,4315	0
10/12/24 - 09:39:14	0	404	55188	30422	1,03E-36	2,92E-11	29286	29922	16945	0	0	13,0289	52,3033	0
10/12/24 - 09:39:16	0	400	55188	30422	1,03E-36	2,92E-11	29355	29984	16917	0	0	12,9889	52,2438	0
10/12/24 - 09:39:17	0	400	55188	30422	1,03E-36	2,92E-11	29414	30036	16893	0	0	13,085	52,1294	0
10/12/24 - 09:39:18	0	400	55188	30422	1,03E-36	2,92E-11	29499	30103	16879	0	0	13,0449	52,0729	0
10/12/24 - 09:39:19	1	407	55188	30422	1,03E-36	2,92E-11	29567	30161	16850	0	0	13,101	52,0378	0
10/12/24 - 09:39:20	0	402	55188	30422	1,03E-36	2,92E-11	29646	30212	16822	0	0	13,0583	51,9585	0
10/12/24 - 09:39:21	0	400	55188	30422	1,03E-36	2,92E-11	29723	30267	16808	0	0	13,101	51,8776	0
10/12/24 - 09:39:22	2	406	55188	30422	1,03E-36	2,92E-11	29790	30308	16796	0	0	13,1144	51,7952	0
10/12/24 - 09:39:23	0	410	55188	30422	1,03E-36	2,92E-11	29863	30356	16784	0	0	13,1571	51,7067	0
10/12/24 - 09:39:25	0	403	55188	30422	1,03E-36	2,92E-11	29943	30423	16777	0	0	13,1838	51,667	0
10/12/24 - 09:39:26	0	400	55188	30422	1,03E-36	2,92E-11	30014	30456	16747	0	0	13,2132	51,6808	0
10/12/24 - 09:39:27	3	413	55188	30422	1,03E-36	2,92E-11	30067	30510	16737	0	0	13,2265	51,6304	0
10/12/24 - 09:39:28	1	413	55188	30422	1,03E-36	2,92E-11	30138	30556	16727	0	0	13,2692	51,4977	0
10/12/24 - 09:39:29	0	406	55188	30422	1,03E-36	2,92E-11	30187	30594	16713	0	0	13,2826	51,5099	0
10/12/24 - 09:39:30	0	400	55188	30422	1,03E-36	2,92E-11	30239	30635	16701	0	0	13,3413	51,4427	0
10/12/24 - 09:39:31	0	401	55188	30422	1,03E-36	2,92E-11	30290	30679	16695	0	0	13,328	51,368	0
10/12/24 - 09:39:32	0	403	55188	30422	1,03E-36	2,92E-11	30359	30720	16692	0	0	13,3841	51,2779	0
10/12/24 - 09:39:34	0	402	55188	30422	1,03E-36	2,92E-11	30422	30744	16677	0	0	13,3547	51,2535	0
10/12/24 - 09:39:35	1	400	55188	30422	1,03E-36	2,92E-11	30471	30794	16672	0	0	13,4268	51,1986	0
10/12/24 - 09:39:36	0	404	55188	30422	1,03E-36	2,92E-11	30515	30835	16662	0	0	13,4401	51,0948	0
10/12/24 - 09:39:37	1	413	55188	30422	1,03E-36	2,92E-11	30578	30866	16661	0	0	13,4535	50,9789	0
10/12/24 - 09:39:38	0	401	55188	30422	1,03E-36	2,92E-11	30623	30900	16655	0	0	13,4829	51,0582	0
10/12/24 - 09:39:39	0	401	55188	30422	1,03E-36	2,92E-11	30662	30951	16638	0	0	13,4962	50,9209	0
10/12/24 - 09:39:40	4	404	55188	30422	1,03E-36	2,92E-11	30715	30988	16640	0	0	13,5657	50,8782	0
10/12/24 - 09:39:41	0	400	55188	30422	1,03E-36	2,92E-11	30779	30995	16641	0	0	13,6084	50,8064	0
10/12/24 - 09:39:43	0	407	55188	30422	1,03E-36	2,92E-11	30822	31030	16629	0	0	13,5523	50,7057	0
10/12/24 - 09:39:44	0	400	55188	30422	1,03E-36	2,92E-11	30851	31067	16621	0	0	13,5657	50,6325	0
10/12/24 - 09:39:45	0	400	55188	30422	1,03E-36	2,92E-11	30890	31108	16622	0	0	13,595	50,6172	0
10/12/24 - 09:39:46	3	404	55188	30422	1,03E-36	2,92E-11	30923	31134	16618	1	1	13,6217	50,5989	0
10/12/24 - 09:39:47	0	400	55188	30422	1,03E-36	2,92E-11	30959	31159	16609	1	1	13,6778	50,5257	0
10/12/24 - 09:39:48	0	400	55188	30422	1,03E-36	2,92E-11	30994	31207	16620	1	1	13,6645	50,3975	0
10/12/24 - 09:39:49	0	400	55188	30422	1,03E-36	2,92E-11	31047	31225	16607	1	2	13,6938	50,367	0
10/12/24 - 09:39:50	0	408	55188	30422	1,03E-36	2,92E-11	31070	31273	16607	2	2	13,7633	50,3166	0
10/12/24 - 09:39:52	0	400	55188	30422	1,03E-36	2,92E-11	31119	31291	16596	3	3	13,7205	50,2098	0
10/12/24 - 09:39:53	2	401	55188	30422	1,03E-36	2,92E-11	31163	31315	16600	3	4	13,7766	50,1701	0
10/12/24 - 09:39:54	7	404	55188	30422	1,03E-36	2,92E-11	31194	31341	16603	4	5	13,7766	50,1244	0
10/12/24 - 09:39:55	2	400	55188	30422	1,03E-36	2,92E-11	31227	31363	16595	5	6	13,8487	50,0648	0
10/12/24 - 09:39:56	4	404	55188	30422	1,03E-36	2,92E-11	31266	31392	16595	5	7	13,8621	50,0084	0
10/12/24 - 09:39:57	0	401	55188	30422	1,03E-36	2,92E-11	31299	31415	16594	5	8	13,8754	49,9626	0
10/12/24 - 09:39:58	3	400	55188	30422	1,03E-36	2,92E-11	31327	31461	16586	6	9	13,9048	49,8985	0
10/12/24 - 09:39:59	0	407	55188	30422	1,03E-36	2,92E-11	31362	31468	16590	6	9	13,9048	49,7948	0
10/12/24 - 09:40:01	0	409	55188	30422	1,03E-36	2,92E-11	31387	31494	16585	6	10	13,9315	49,7169	0
10/12/24 - 09:40:02	1	404	55188	30422	1,03E-36	2,92E-11	31414	31516	16585	7	10	13,8888	49,6559	0
10/12/24 - 09:40:03	5	400	55188	30422	1,03E-36	2,92E-11	31451	31547	16575	7	11	13,9181	49,6147	0
10/12/24 - 09:40:04	0	406	55188	30422	1,03E-36	2,92E-11	31491	31573	16566	7	11	13,9635	49,5048	0
10/12/24 - 09:40:05	2	410	55188	30422	1,03E-36	2,92E-11	31518	31600	16576	7	12	14,0036	49,4957	0
10/12/24 - 09:40:06	0	402	55188	30422	1,03E-36	2,92E-11	31531	31616	16581	7	12	13,9902	49,3553	0
10/12/24 - 09:40:07	4	403	55188	30422	1,03E-36	2,92E-11	31550	31626	16567	7	12	14,0036	49,3584	0
10/12/24 - 09:40:08	0	402	55188	30422	1,03E-36	2,92E-11	31583	31656	16575	8	12	14,0196	49,2805	0
10/12/24 - 09:40:10	0	400	55188	30422	1,03E-36	2,92E-11	31635	31678	16574	8	13	14,033	49,2821	0
10/12/24 - 09:40:11	0	400	55188	30422	1,03E-36	2,92E-11	31666	31708	16561	8	13	14,0757	49,2409	0
10/12/24 - 09:40:12	5	408	55188	30422	1,03E-36	2,92E-11	31687	31723	16567	8	13	14,1318	49,189	0
10/12/24 - 09:40:13	5	408	55188	30422	1,03E-36	2,92E-11	31710	31744	16569	8	13	14,1184	49,0745	0
10/12/24 - 09:40:14	0	403	55188	30422	1,03E-36	2,92E-11	31743	31762	16561	8	13	14,1585	49,0562	0
10/12/24 - 09:40:15	3	411	55188	30422	1,03E-36	2,92E-11	31775	31772	16564	8	13	14,1318	49,0425	0
10/12/24 - 09:40:16	0	401	55188	30422	1,03E-36	2,92E-11	31798	31796	16566	8	13	14,1878	48,9433	0
10/12/24 - 09:40:17	0	403	55188	30422	1,03E-36	2,92E-11	31815	31824	16566	8	13	14,2306	48,9479	0
10/12/24 - 09:40:19	9	412	55188	30422	1,03E-36	2,92E-11	31842	31839	16566	8	14	14,2306	48,9372	0
10/12/24 - 09:40:20	1	403	55188	30422	1,03E-36	2,92E-11	31863	31845	16567	8	14	14,2866	48,9204	0
10/12/24 - 09:40:21	2	416	55188	30422	1,03E-36	2,92E-11	31883	31880	16562	8	14	14,2573	48,8136	0
10/12/24 - 09:40:22	0	401	55188	30422	1,03E-36	2,92E-11	31918	31893	16570	8	14	14,2573	48,8136	0
10/12/24 - 09:40:23	0	407	55188	30422	1,03E-36	2,92E-11	31951	31917	16563	8	14	14,2866	48,7144	0
10/12/24 - 09:40:24	3	402	55188	30422	1,03E-36	2,92E-11	31994	31924	16561	8	14	14,3294	48,719	0
10/12/24 - 09:40:25	0	410	55188	30422	1,03E-36	2,92E-11	32011	31946	16559	8	14	14,3133	48,6488	0
10/12/24 - 09:40:26	3	405	55188	30422	1,03E-36	2,92E-11	32051	31955	16563	8	14	14,3694	48,6183	0
10/12/24 - 09:40:28	1	402	55188	30422	1,03E-36	2,92E-11	32074	31988	16557	8	14	14,3561	48,4932	0
10/12/24 - 09:40:29	0	400	55188	30422	1,03E-36	2,92E-11	32091	31998	16559	8	14	14,3854	48,5435	0
10/12/24 - 09:40:30	4	413	55188	30422	1,03E-36	2,92E-11	32106	32020	16565	8	14	14,4255	48,4306	0
10/12/24 - 09:40:31	0	414	55188	30422	1,03E-36	2,92E-11	32131	32034	16564	8	14	14,4255	48,4077	0
10/12/24 - 09:40:32	2	409	55188	30422	1,03E-36	2,92E-11	32151	32041	16557	8	14	14,4549	48,4352	0
10/12/24 - 09:40:33	1	403	55188	30422	1,03E-36	2,92E-11	32166	32061	16554	8	14	14,4549	48,2841	0
10/12/24 - 09:40:34	0	400	55188	30422	1,03E-36	2,92E-11	32187	32070	16557	8	14	14,4976	48,3116	0
10/12/24 - 09:40:35	2	403	55188	30422	1,03E-36	2,92E-11	32198	32096	16563	8	14	14,5109	48,3024	0
10/12/24 - 09:40:37	0	406	55188	30422	1,03E-36	2,92E-11	32203	32116	16567	8	14	14,4816	48,1407	0
10/12/24 - 09:40:38	0	400	55188	30422	1,03E-36	2,92E-11	32215	32118	16563	8	15	14,4976	48,1285	0
10/12/24 - 09:40:39	8	411	55188	30422	1,03E-36	2,92E-11	32234	32128	16561	8	15	14,5697	48,1498	0
10/12/24 - 09:40:40	7	416	55188	30422	1,03E-36	2,92E-11	32267	32131	16560	8	15	14,543	48,0873	0
10/12/24 - 09:40:41	2	406	55188	30422	1,03E-36	2,92E-11	32278	32160	16566	8	15	14,5563	48,0186	0
10/12/24 - 09:40:42	8	414	55188	30422	1,03E-36	2,92E-11	32299	32163	16555	8	15	14,5563	47,9637	0
10/12/24 - 09:40:43	0	400	55188	30422	1,03E-36	2,92E-11	32331	32187	16562	8	15	14,6258	47,8904	0
10/12/24 - 09:40:44	3	413	55188	30422	1,03E-36	2,92E-11	32338	32198	16564	8	15	14,5991	47,9316	0
10/12/24 - 09:40:46	9	414	55188	30422	1,03E-36	2,92E-11	32347	32200	16560	8	15	14,6551	47,9164	0
10/12/24 - 09:40:47	5	421	55188	30422	1,03E-36	2,92E-11	32370	32217	16565	8	15	14,6685	47,895	0
10/12/24 - 09:40:48	0	421	55188	30422	1,03E-36	2,92E-11	32379	32231	16567	8	16	14,6551	47,7668	0
10/12/24 - 09:40:49	1	419	55188	30422	1,03E-36	2,92E-11	32411	32225	16568	8	16	14,6818	47,8401	0
10/12/24 - 09:40:50	0	404	55188	30422	1,03E-36	2,92E-11	32410	32254	16569	8	16	14,7112	47,7058	0
10/12/24 - 09:40:51	8	415	55188	30422	1,03E-36	2,92E-11	32435	32263	16563	8	16	14,6952	47,6204	0
10/12/24 - 09:40:52	5	415	55188	30422	1,03E-36	2,92E-11	32446	32276	16566	8	16	14,7673	47,6295	0
10/12/24 - 09:40:53	1	400	55188	30422	1,03E-36	2,92E-11	32483	32298	16564	8	16	14,7379	47,5792	0
10/12/24 - 09:40:55	0	410	55188	30422	1,03E-36	2,92E-11	32483	32312	16558	8	16	14,7112	47,4632	0
10/12/24 - 09:40:56	7	412	55188	30422	1,03E-36	2,92E-11	32490	32322	16566	8	17	14,7673	47,422	0
10/12/24 - 09:40:57	4	403	55188	30422	1,03E-36	2,92E-11	32507	32334	16565	9	17	14,794	47,4357	0
10/12/24 - 09:40:58	4	411	55188	30422	1,03E-36	2,92E-11	32534	32343	16566	9	17	14,8234	47,3945	0
10/12/24 - 09:40:59	0	413	55188	30422	1,03E-36	2,92E-11	32551	32358	16564	9	17	14,8661	47,2953	0
10/12/24 - 09:41:00	5	414	55188	30422	1,03E-36	2,92E-11	32579	32378	16564	9	17	14,8661	47,3182	0
10/12/24 - 09:41:01	6	407	55188	30422	1,03E-36	2,92E-11	32594	32377	16558	9	17	14,9355	47,2679	0
10/12/24 - 09:41:02	2	411	55188	30422	1,03E-36	2,92E-11	32607	32389	16563	9	18	14,8795	47,2496	0
10/12/24 - 09:41:04	0	407	55188	30422	1,03E-36	2,92E-11	32614	32386	16565	9	18	14,9222	47,2663	0
10/12/24 - 09:41:05	12	415	55188	30422	1,03E-36	2,92E-11	32627	32393	16573	9	18	14,9355	47,1656	0
10/12/24 - 09:41:06	3	400	55188	30422	1,03E-36	2,92E-11	32651	32407	16568	9	18	15,005	47,2633	0
10/12/24 - 09:41:07	9	407	55188	30422	1,03E-36	2,92E-11	32646	32403	16571	9	19	14,9783	47,1107	0
10/12/24 - 09:41:08	4	403	55188	30422	1,03E-36	2,92E-11	32671	32421	16574	9	19	15,005	46,9657	0
10/12/24 - 09:41:09	4	405	55188	30422	1,03E-36	2,92E-11	32674	32446	16567	9	19	14,9916	47,01	0
10/12/24 - 09:41:10	3	417	55188	30422	1,03E-36	2,92E-11	32679	32447	16570	9	20	15,0343	46,923	0
10/12/24 - 09:41:11	7	405	55188	30422	1,03E-36	2,92E-11	32719	32469	16568	10	20	15,0343	46,8864	0
10/12/24 - 09:41:13	0	404	55188	30422	1,03E-36	2,92E-11	32734	32478	16572	10	20	14,9783	46,8132	0
10/12/24 - 09:41:14	7	412	55188	30422	1,03E-36	2,92E-11	32731	32489	16569	10	20	15,0183	46,8177	0
10/12/24 - 09:41:15	0	400	55188	30422	1,03E-36	2,92E-11	32758	32492	16567	10	21	15,0343	46,7399	0
10/12/24 - 09:41:16	2	407	55188	30422	1,03E-36	2,92E-11	32755	32510	16576	10	21	15,0904	46,7094	0
10/12/24 - 09:41:17	0	400	55188	30422	1,03E-36	2,92E-11	32767	32522	16569	10	21	15,0904	46,7094	0
10/12/24 - 09:41:18	0	410	55188	30422	1,03E-36	2,92E-11	32774	32542	16568	10	21	15,0904	46,6636	0
10/12/24 - 09:41:19	0	400	55188	30422	1,03E-36	2,92E-11	32795	32535	16572	10	22	15,1171	46,6087	0
10/12/24 - 09:41:20	5	406	55188	30422	1,03E-36	2,92E-11	32790	32538	16573	11	22	15,1465	46,5431	0
10/12/24 - 09:41:22	4	414	55188	30422	1,03E-36	2,92E-11	32815	32550	16574	11	22	15,1919	46,4668	0
10/12/24 - 09:41:23	3	412	55188	30422	1,03E-36	2,92E-11	32827	32567	16576	11	23	15,2052	46,4897	0
10/12/24 - 09:41:24	0	400	55188	30422	1,03E-36	2,92E-11	32850	32569	16575	11	23	15,1759	46,3508	0
10/12/24 - 09:41:25	5	408	55188	30422	1,03E-36	2,92E-11	32859	32580	16573	11	23	15,2319	46,4149	0
10/12/24 - 09:41:26	0	400	55188	30422	1,03E-36	2,92E-11	32866	32593	16585	12	24	15,2319	46,2867	0
10/12/24 - 09:41:27	0	412	55188	30422	1,03E-36	2,92E-11	32879	32586	16567	12	24	15,248	46,3111	0
10/12/24 - 09:41:28	4	416	55188	30422	1,03E-36	2,92E-11	32879	32609	16579	12	25	15,3307	46,2638	0
10/12/24 - 09:41:29	4	413	55188	30422	1,03E-36	2,92E-11	32906	32621	16577	12	25	15,2747	46,2226	0
10/12/24 - 09:41:31	0	420	55188	30422	1,03E-36	2,92E-11	32907	32615	16575	13	25	15,3468	46,1143	0
10/12/24 - 09:41:32	0	412	55188	30422	1,03E-36	2,92E-11	32922	32638	16581	13	26	15,3174	46,1097	0
10/12/24 - 09:41:33	0	400	55188	30422	1,03E-36	2,92E-11	32935	32636	16582	13	26	15,3735	46,0258	0
10/12/24 - 09:41:34	6	420	55188	30422	1,03E-36	2,92E-11	32959	32646	16583	13	26	15,3468	45,9998	0
10/12/24 - 09:41:35	3	421	55188	30422	1,03E-36	2,92E-11	32958	32649	16591	14	27	15,3601	45,9434	0
10/12/24 - 09:41:36	0	415	55188	30422	1,03E-36	2,92E-11	32975	32671	16585	14	27	15,4028	45,9129	0
10/12/24 - 09:41:37	0	416	55188	30422	1,03E-36	2,92E-11	32982	32662	16579	14	28	15,4295	45,8579	0
10/12/24 - 09:41:38	2	418	55188	30422	1,03E-36	2,92E-11	33003	32664	16582	14	28	15,4429	45,8152	0
10/12/24 - 09:41:40	0	410	55188	30422	1,03E-36	2,92E-11	33003	32684	16582	15	29	15,4429	45,7465	0
10/12/24 - 09:41:41	5	423	55188	30422	1,03E-36	2,92E-11	33022	32684	16586	15	29	15,4295	45,7069	0
10/12/24 - 09:41:42	6	422	55188	30422	1,03E-36	2,92E-11	33019	32689	16585	15	30	15,4162	45,7527	0
10/12/24 - 09:41:43	0	414	55188	30422	1,03E-36	2,92E-11	33022	32685	16581	16	30	15,4723	45,6336	0
10/12/24 - 09:41:44	2	401	55188	30422	1,03E-36	2,92E-11	33019	32705	16581	16	31	15,499	45,6001	0
10/12/24 - 09:41:45	7	420	55188	30422	1,03E-36	2,92E-11	33019	32703	16590	17	31	15,499	45,5772	0
10/12/24 - 09:41:46	4	418	55188	30422	1,03E-36	2,92E-11	33030	32722	16593	17	32	15,499	45,4627	0
10/12/24 - 09:41:47	0	408	55188	30422	1,03E-36	2,92E-11	33039	32728	16584	18	32	15,515	45,6016	0
10/12/24 - 09:41:49	4	402	55188	30422	1,03E-36	2,92E-11	33054	32727	16592	18	33	15,499	45,4856	0
10/12/24 - 09:41:50	1	400	55188	30422	1,03E-36	2,92E-11	33071	32750	16596	19	33	15,515	45,362	0
10/12/24 - 09:41:51	4	400	55188	30422	1,03E-36	2,92E-11	33083	32751	16593	19	33	15,5283	45,4551	0
10/12/24 - 09:41:52	6	410	55188	30422	1,03E-36	2,92E-11	33102	32767	16592	20	34	15,515	45,4414	0
10/12/24 - 09:41:53	2	407	55188	30422	1,03E-36	2,92E-11	33103	32758	16599	20	34	15,555	45,3071	0
10/12/24 - 09:41:54	5	408	55188	30422	1,03E-36	2,92E-11	33110	32777	16593	21	35	15,5711	45,2628	0
10/12/24 - 09:41:55	6	402	55188	30422	1,03E-36	2,92E-11	33127	32785	16594	21	35	15,6138	45,2659	0
10/12/24 - 09:41:56	9	414	55188	30422	1,03E-36	2,92E-11	33139	32793	16590	21	35	15,6405	45,2125	0
10/12/24 - 09:41:58	0	400	55188	30422	1,03E-36	2,92E-11	33146	32803	16594	22	36	15,6138	45,1743	0
10/12/24 - 09:41:59	4	414	55188	30422	1,03E-36	2,92E-11	33159	32804	16600	22	36	15,6405	45,1759	0
10/12/24 - 09:42:00	2	410	55188	30422	1,03E-36	2,92E-11	33162	32812	16596	23	36	15,6405	45,153	0
10/12/24 - 09:42:01	6	426	55188	30422	1,03E-36	2,92E-11	33163	32820	16591	23	37	15,6832	45,1118	0
10/12/24 - 09:42:02	0	418	55188	30422	1,03E-36	2,92E-11	33175	32803	16588	24	37	15,6966	45,1377	0
10/12/24 - 09:42:03	6	418	55188	30422	1,03E-36	2,92E-11	33190	32812	16595	24	38	15,6966	45,069	0
10/12/24 - 09:42:04	8	427	55188	30422	1,03E-36	2,92E-11	33187	32810	16601	25	38	15,6966	45,0919	0
10/12/24 - 09:42:05	10	427	55188	30422	1,03E-36	2,92E-11	33206	32810	16592	25	39	15,6832	45,0431	0
10/12/24 - 09:42:07	1	422	55188	30422	1,03E-36	2,92E-11	33207	32799	16595	25	40	15,7527	45,005	0
10/12/24 - 09:42:08	1	405	55188	30422	1,03E-36	2,92E-11	33207	32799	16599	26	41	15,798	44,9287	0
10/12/24 - 09:42:09	1	410	55188	30422	1,03E-36	2,92E-11	33206	32810	16601	27	42	15,7393	44,8875	0
10/12/24 - 09:42:10	0	422	55188	30422	1,03E-36	2,92E-11	33215	32828	16602	27	42	15,7393	44,8768	0
10/12/24 - 09:42:11	3	413	55188	30422	1,03E-36	2,92E-11	33206	32834	16599	28	43	15,7393	44,8875	0
10/12/24 - 09:42:12	3	415	55188	30422	1,03E-36	2,92E-11	33219	32833	16610	29	44	15,798	44,8371	0
10/12/24 - 09:42:13	3	415	55188	30422	1,03E-36	2,92E-11	33231	32846	16611	29	44	15,7393	44,7959	0
10/12/24 - 09:42:14	0	400	55188	30422	1,03E-36	2,92E-11	33234	32859	16603	30	45	15,798	44,7089	0
10/12/24 - 09:42:16	2	411	55188	30422	1,03E-36	2,92E-11	33247	32872	16602	31	45	15,798	44,7211	0
10/12/24 - 09:42:17	0	408	55188	30422	1,03E-36	2,92E-11	33254	32868	16610	31	45	15,798	44,7211	0
10/12/24 - 09:42:18	0	400	55188	30422	1,03E-36	2,92E-11	33263	32881	16610	32	46	15,8114	44,5609	0
10/12/24 - 09:42:19	0	415	55188	30422	1,03E-36	2,92E-11	33271	32887	16607	32	46	15,8114	44,6311	0
10/12/24 - 09:42:20	2	417	55188	30422	1,03E-36	2,92E-11	33274	32891	16609	33	46	15,8408	44,5289	0
10/12/24 - 09:42:21	7	420	55188	30422	1,03E-36	2,92E-11	33287	32909	16610	33	46	15,8541	44,5991	0
10/12/24 - 09:42:22	0	403	55188	30422	1,03E-36	2,92E-11	33302	32917	16613	34	47	15,8541	44,4373	0
10/12/24 - 09:42:23	1	400	55188	30422	1,03E-36	2,92E-11	33323	32912	16611	34	47	15,8835	44,5792	0
10/12/24 - 09:42:25	9	410	55188	30422	1,03E-36	2,92E-11	33323	32928	16616	34	47	15,8541	44,5426	0
10/12/24 - 09:42:26	1	402	55188	30422	1,03E-36	2,92E-11	33326	32929	16607	35	47	15,9102	44,4892	0
10/12/24 - 09:42:27	7	409	55188	30422	1,03E-36	2,92E-11	33307	32919	16606	35	48	15,8675	44,4053	0
10/12/24 - 09:42:28	0	408	55188	30422	1,03E-36	2,92E-11	33310	32936	16615	36	48	15,9102	44,4099	0
10/12/24 - 09:42:29	1	408	55188	30422	1,03E-36	2,92E-11	33331	32938	16611	36	48	15,9102	44,3977	0
10/12/24 - 09:42:30	1	406	55188	30422	1,03E-36	2,92E-11	33327	32935	16613	37	49	15,9529	44,3549	0
10/12/24 - 09:42:31	1	408	55188	30422	1,03E-36	2,92E-11	33338	32943	16615	38	49	15,9396	44,3656	0
10/12/24 - 09:42:33	3	413	55188	30422	1,03E-36	2,92E-11	33343	32958	16621	38	49	15,9663	44,3229	0
10/12/24 - 09:42:34	3	411	55188	30422	1,03E-36	2,92E-11	33366	32958	16619	38	50	15,9529	44,3458	0
10/12/24 - 09:42:35	2	406	55188	30422	1,03E-36	2,92E-11	33363	32958	16611	39	50	15,9529	44,3915	0
10/12/24 - 09:42:36	4	413	55188	30422	1,03E-36	2,92E-11	33375	32961	16619	39	50	15,9796	44,2786	0
10/12/24 - 09:42:37	0	405	55188	30422	1,03E-36	2,92E-11	33370	32958	16617	40	51	15,9529	44,2771	0
10/12/24 - 09:42:38	0	407	55188	30422	1,03E-36	2,92E-11	33387	32974	16625	40	51	15,9796	44,242	0
10/12/24 - 09:42:39	3	413	55188	30422	1,03E-36	2,92E-11	33390	32980	16618	41	52	15,9663	44,1947	0
10/12/24 - 09:42:40	0	402	55188	30422	1,03E-36	2,92E-11	33379	32986	16613	41	52	16,009	44,2588	0
10/12/24 - 09:42:42	10	412	55188	30422	1,03E-36	2,92E-11	33391	32973	16623	42	52	16,009	44,2222	0
10/12/24 - 09:42:43	3	408	55188	30422	1,03E-36	2,92E-11	33398	32981	16621	42	53	16,0224	44,1444	0
10/12/24 - 09:42:44	8	408	55188	30422	1,03E-36	2,92E-11	33411	32991	16621	43	53	15,9796	44,2313	0
10/12/24 - 09:42:45	5	414	55188	30422	1,03E-36	2,92E-11	33426	32990	16621	43	54	16,0517	44,1001	0
10/12/24 - 09:42:46	3	400	55188	30422	1,03E-36	2,92E-11	33423	33008	16624	43	54	16,0517	44,0894	0
10/12/24 - 09:42:47	5	403	55188	30422	1,03E-36	2,92E-11	33419	32992	16627	44	54	16,0357	44,0986	0
10/12/24 - 09:42:48	6	408	55188	30422	1,03E-36	2,92E-11	33422	33015	16621	44	55	16,0224	44,0848	0
10/12/24 - 09:42:49	0	400	55188	30422	1,03E-36	2,92E-11	33431	33002	16626	45	55	16,0784	44,0452	0
10/12/24 - 09:42:51	9	402	55188	30422	1,03E-36	2,92E-11	33426	33010	16625	45	55	16,0918	44,0681	0
10/12/24 - 09:42:52	4	400	55188	30422	1,03E-36	2,92E-11	33419	33006	16624	46	56	16,0224	44,1077	0
10/12/24 - 09:42:53	9	420	55188	30422	1,03E-36	2,92E-11	33423	33007	16629	47	57	16,0651	44,0314	0
10/12/24 - 09:42:54	5	415	55188	30422	1,03E-36	2,92E-11	33426	33015	16630	47	57	16,0918	44,0131	0
10/12/24 - 09:42:55	8	414	55188	30422	1,03E-36	2,92E-11	33439	33022	16625	48	57	16,0784	43,9658	0
10/12/24 - 09:42:56	6	413	55188	30422	1,03E-36	2,92E-11	33446	33016	16634	48	58	16,0784	43,9887	0
10/12/24 - 09:42:57	17	417	55188	30422	1,03E-36	2,92E-11	33463	33018	16634	49	58	16,1505	44,0177	0
10/12/24 - 09:42:58	8	412	55188	30422	1,03E-36	2,92E-11	33459	33012	16635	49	59	16,1212	43,9796	0
10/12/24 - 09:43:00	6	410	55188	30422	1,03E-36	2,92E-11	33462	33021	16636	50	60	16,1345	43,9811	0
10/12/24 - 09:43:01	8	410	55188	30422	1,03E-36	2,92E-11	33467	33027	16633	50	60	16,1212	43,9933	0
10/12/24 - 09:43:02	7	403	55188	30422	1,03E-36	2,92E-11	33466	33024	16625	51	61	16,1345	43,9475	0
10/12/24 - 09:43:03	0	400	55188	30422	1,03E-36	2,92E-11	33495	33035	16630	51	61	16,1505	43,9033	0
10/12/24 - 09:43:04	0	408	55188	30422	1,03E-36	2,92E-11	33487	33053	16643	51	61	16,2066	43,8392	0
10/12/24 - 09:43:05	7	413	55188	30422	1,03E-36	2,92E-11	33482	33048	16632	52	62	16,1639	43,8346	0
10/12/24 - 09:43:06	4	412	55188	30422	1,03E-36	2,92E-11	33495	33039	16641	52	62	16,1505	43,8209	0
10/12/24 - 09:43:07	8	412	55188	30422	1,03E-36	2,92E-11	33502	33048	16635	52	63	16,1212	43,7827	0
10/12/24 - 09:43:09	6	419	55188	30422	1,03E-36	2,92E-11	33507	33049	16639	53	63	16,22	43,8514	0
10/12/24 - 09:43:10	7	405	55188	30422	1,03E-36	2,92E-11	33511	33057	16633	53	63	16,22	43,8392	0
10/12/24 - 09:43:11	5	400	55188	30422	1,03E-36	2,92E-11	33514	33049	16642	53	64	16,1772	43,8117	0
10/12/24 - 09:43:12	10	412	55188	30422	1,03E-36	2,92E-11	33527	33065	16643	53	64	16,1772	43,7873	0
10/12/24 - 09:43:13	7	414	55188	30422	1,03E-36	2,92E-11	33522	33074	16636	54	64	16,1639	43,798	0
10/12/24 - 09:43:14	14	405	55188	30422	1,03E-36	2,92E-11	33515	33067	16638	54	65	16,1772	43,7873	0
10/12/24 - 09:43:15	0	413	55188	30422	1,03E-36	2,92E-11	33519	33079	16639	55	65	16,22	43,7598	0
10/12/24 - 09:43:16	9	409	55188	30422	1,03E-36	2,92E-11	33522	33083	16640	55	65	16,2333	43,7476	0
10/12/24 - 09:43:18	6	405	55188	30422	1,03E-36	2,92E-11	33535	33091	16644	56	65	16,22	43,6652	0
10/12/24 - 09:43:19	2	406	55188	30422	1,03E-36	2,92E-11	33554	33103	16639	56	65	16,2627	43,6927	0
10/12/24 - 09:43:20	6	412	55188	30422	1,03E-36	2,92E-11	33555	33103	16642	56	65	16,2467	43,6683	0,00211462
10/12/24 - 09:43:21	0	400	55188	30422	1,03E-36	2,92E-11	33563	33109	16645	56	65	16,22	43,6774	0,0359486
10/12/24 - 09:43:22	6	421	55188	30422	1,03E-36	2,92E-11	33574	33105	16637	56	65	16,2333	43,714	4,58714
10/12/24 - 09:43:23	10	424	55188	30422	1,03E-36	2,92E-11	33571	33101	16643	56	66	16,22	43,6423	0,0613241
10/12/24 - 09:43:24	12	436	55188	30422	1,03E-36	2,92E-11	33586	33104	16644	56	66	16,22	43,6423	0
10/12/24 - 09:43:25	13	451	55188	30422	1,03E-36	2,92E-11	33587	33102	16643	56	66	16,2066	43,711	0
10/12/24 - 09:43:27	14	444	55188	30422	1,03E-36	2,92E-11	33571	33104	16644	57	67	16,2627	43,8209	3,95939
10/12/24 - 09:43:28	11	435	55188	30422	1,03E-36	2,92E-11	33582	33101	16659	57	67	16,2627	43,9246	0
10/12/24 - 09:43:29	11	426	55188	30422	1,03E-36	2,92E-11	33587	33101	16641	57	67	16,2467	43,8758	0
10/12/24 - 09:43:30	17	429	55188	30422	1,03E-36	2,92E-11	33582	33088	16652	58	68	16,276	43,9384	0
10/12/24 - 09:43:31	10	427	55188	30422	1,03E-36	2,92E-11	33587	33079	16655	58	69	16,2627	43,9246	0
10/12/24 - 09:43:32	13	428	55188	30422	1,03E-36	2,92E-11	33587	33068	16660	59	70	16,3455	43,9796	0
10/12/24 - 09:43:33	11	424	55188	30422	1,03E-36	2,92E-11	33586	33079	16648	59	71	16,3027	43,9628	0
10/12/24 - 09:43:34	16	436	55188	30422	1,03E-36	2,92E-11	33583	33077	16657	60	72	16,2894	43,9033	0
10/12/24 - 09:43:36	14	421	55188	30422	1,03E-36	2,92E-11	33590	33092	16656	60	72	16,2894	43,798	0
10/12/24 - 09:43:37	16	426	55188	30422	1,03E-36	2,92E-11	33595	33089	16657	61	73	16,2894	43,798	0
10/12/24 - 09:43:38	15	417	55188	30422	1,03E-36	2,92E-11	33599	33103	16659	61	73	16,3455	43,8529	0
10/12/24 - 09:43:39	13	425	55188	30422	1,03E-36	2,92E-11	33586	33112	16658	62	74	16,3321	43,7461	0
10/12/24 - 09:43:40	16	422	55188	30422	1,03E-36	2,92E-11	33595	33110	16655	62	74	16,3188	43,6637	0
10/12/24 - 09:43:41	10	411	55188	30422	1,03E-36	2,92E-11	33594	33109	16657	63	74	16,3188	43,7324	0
10/12/24 - 09:43:42	9	409	55188	30422	1,03E-36	2,92E-11	33623	33127	16657	63	74	16,3027	43,6057	0
10/12/24 - 09:43:43	10	418	55188	30422	1,03E-36	2,92E-11	33611	33127	16653	63	75	16,2894	43,5355	0
10/12/24 - 09:43:45	20	422	55188	30422	1,03E-36	2,92E-11	33618	33129	16659	64	75	16,3321	43,5492	0
10/12/24 - 09:43:46	7	415	55188	30422	1,03E-36	2,92E-11	33603	33133	16661	64	75	16,3027	43,5355	0
10/12/24 - 09:43:47	8	414	55188	30422	1,03E-36	2,92E-11	33610	33142	16665	65	75	16,276	43,4989	0
10/12/24 - 09:43:48	15	418	55188	30422	1,03E-36	2,92E-11	33635	33138	16656	65	75	16,3455	43,5279	0
10/12/24 - 09:43:49	11	419	55188	30422	1,03E-36	2,92E-11	33619	33154	16661	65	75	16,3455	43,505	0
10/12/24 - 09:43:50	9	406	55188	30422	1,03E-36	2,92E-11	33618	33153	16658	66	75	16,3455	43,4485	0
10/12/24 - 09:43:51	13	412	55188	30422	1,03E-36	2,92E-11	33635	33148	16663	66	75	16,3775	43,4852	0
10/12/24 - 09:43:52	13	410	55188	30422	1,03E-36	2,92E-11	33634	33158	16665	66	75	16,3588	43,4592	0
10/12/24 - 09:43:54	17	403	55188	30422	1,03E-36	2,92E-11	33635	33150	16668	67	75	16,3588	43,4821	0
10/12/24 - 09:43:55	9	408	55188	30422	1,03E-36	2,92E-11	33647	33150	16665	67	75	16,3455	43,505	0
10/12/24 - 09:43:56	7	411	55188	30422	1,03E-36	2,92E-11	33650	33146	16664	67	75	16,3588	43,4592	0
10/12/24 - 09:43:57	4	400	55188	30422	1,03E-36	2,92E-11	33647	33151	16664	67	76	16,3455	43,4485	0
10/12/24 - 09:43:58	11	410	55188	30422	1,03E-36	2,92E-11	33646	33158	16667	68	76	16,3775	43,3585	0
10/12/24 - 09:43:59	7	417	55188	30422	1,03E-36	2,92E-11	33651	33156	16670	68	76	16,3775	43,4501	0
10/12/24 - 09:44:00	9	408	55188	30422	1,03E-36	2,92E-11	33651	33165	16669	68	76	16,3775	43,3906	0
10/12/24 - 09:44:01	14	410	55188	30422	1,03E-36	2,92E-11	33650	33157	16666	69	76	16,3909	43,3707	0
10/12/24 - 09:44:03	7	409	55188	30422	1,03E-36	2,92E-11	33647	33176	16669	69	76	16,3775	43,3906	0
10/12/24 - 09:44:04	7	400	55188	30422	1,03E-36	2,92E-11	33662	33180	16666	69	76	16,3588	43,4134	0
10/12/24 - 09:44:05	9	403	55188	30422	1,03E-36	2,92E-11	33671	33175	16673	70	76	16,3321	43,3631	0
10/12/24 - 09:44:06	13	409	55188	30422	1,03E-36	2,92E-11	33695	33175	16664	69	76	16,4336	43,3982	0
10/12/24 - 09:44:07	3	405	55188	30422	1,03E-36	2,92E-11	33698	33181	16670	69	77	16,3775	43,3585	0
10/12/24 - 09:44:08	7	405	55188	30422	1,03E-36	2,92E-11	33683	33186	16669	69	77	16,4469	43,3524	0
10/12/24 - 09:44:09	11	404	55188	30422	1,03E-36	2,92E-11	33694	33197	16680	69	76	16,3909	43,3127	0
10/12/24 - 09:44:10	6	409	55188	30422	1,03E-36	2,92E-11	33707	33207	16674	69	76	16,4336	43,3173	0
10/12/24 - 09:44:12	7	400	55188	30422	1,03E-36	2,92E-11	33719	33201	16675	69	76	16,4202	43,27	0
10/12/24 - 09:44:13	12	404	55188	30422	1,03E-36	2,92E-11	33714	33197	16677	69	76	16,3909	43,3585	0
10/12/24 - 09:44:14	5	400	55188	30422	1,03E-36	2,92E-11	33719	33188	16670	69	77	16,4336	43,3173	0
10/12/24 - 09:44:15	9	402	55188	30422	1,03E-36	2,92E-11	33714	33204	16681	69	77	16,3909	43,2898	0
10/12/24 - 09:44:16	1	403	55188	30422	1,03E-36	2,92E-11	33719	33199	16680	69	77	16,3775	43,299	0
10/12/24 - 09:44:17	4	400	55188	30422	1,03E-36	2,92E-11	33727	33203	16678	69	77	16,4202	43,2807	0
10/12/24 - 09:44:18	8	402	55188	30422	1,03E-36	2,92E-11	33726	33212	16679	69	77	16,4336	43,2486	0
